D = [-0.4187703481481704, 0.22494191448980758, 0.009779588641127747, -0.0057339136198333324, 0.0]
K = [649.6936251644485, 0.0, 325.2557095654954, 0.0, 647.3691399218491, 216.27666554197245, 0.0, 0.0, 1.0]
R = [1.0, 0.0, 0.0, 0.0, 1.0, 0.0, 0.0, 0.0, 1.0]
P = [580.905029296875, 0.0, 322.3031304517208, 0.0, 0.0, 609.4694213867188, 216.52607316204376, 0.0, 0.0, 0.0, 1.0, 0.0]
None
# oST version 5.0 parameters


[image]

width
640

height
480

[narrow_stereo]

camera matrix
649.693625 0.000000 325.255710
0.000000 647.369140 216.276666
0.000000 0.000000 1.000000

distortion
-0.418770 0.224942 0.009780 -0.005734 0.000000

rectification
1.000000 0.000000 0.000000
0.000000 1.000000 0.000000
0.000000 0.000000 1.000000

projection
580.905029 0.000000 322.303130 0.000000
0.000000 609.469421 216.526073 0.000000
0.000000 0.000000 1.000000 0.000000

