D = [-0.08899368668809046, 0.07720735038676156, 0.0002568054706476878, 0.0006110870248030984, 0.0]
K = [1186.9101921208216, 0.0, 779.2959911926313, 0.0, 1189.2004226174577, 633.9330483434328, 0.0, 0.0, 1.0]
R = [1.0, 0.0, 0.0, 0.0, 1.0, 0.0, 0.0, 0.0, 1.0]
P = [1162.7552490234375, 0.0, 783.0448315435424, 0.0, 0.0, 1170.98583984375, 636.9517002173234, 0.0, 0.0, 0.0, 1.0, 0.0]
None
# oST version 5.0 parameters


[image]

width
1280

height
960

[narrow_stereo]

camera matrix
1186.910192 0.000000 779.295991
0.000000 1189.200423 633.933048
0.000000 0.000000 1.000000

distortion
-0.088994 0.077207 0.000257 0.000611 0.000000

rectification
1.000000 0.000000 0.000000
0.000000 1.000000 0.000000
0.000000 0.000000 1.000000

projection
1162.755249 0.000000 783.044832 0.000000
0.000000 1170.985840 636.951700 0.000000
0.000000 0.000000 1.000000 0.000000