mono pinhole calibration...
D = [-0.08800009908320953, 0.11758895999806496, 0.007339703261863867, 0.0006433062354501613, 0.0]
K = [1514.672786032385, 0.0, 677.3630501379492, 0.0, 1526.6571321421648, 534.4563070649776, 0.0, 0.0, 1.0]
R = [1.0, 0.0, 0.0, 0.0, 1.0, 0.0, 0.0, 0.0, 1.0]
P = [1498.2119140625, 0.0, 678.39389055426, 0.0, 0.0, 1511.8956298828125, 538.5505750232005, 0.0, 0.0, 0.0, 1.0, 0.0]
None
# oST version 5.0 parameters


[image]

width
1280

height
960

[narrow_stereo]

camera matrix
1514.672786 0.000000 677.363050
0.000000 1526.657132 534.456307
0.000000 0.000000 1.000000

distortion
-0.088000 0.117589 0.007340 0.000643 0.000000

rectification
1.000000 0.000000 0.000000
0.000000 1.000000 0.000000
0.000000 0.000000 1.000000

projection
1498.211914 0.000000 678.393891 0.000000
0.000000 1511.895630 538.550575 0.000000
0.000000 0.000000 1.000000 0.000000
