image_width: 640
image_height: 480
camera_name: narrow_stereo
camera_matrix:
  rows: 3
  cols: 3
  data: [586.089915, 0, 322.175292, 0, 583.500233, 244.090673, 0, 0, 1]
distortion_model: plumb_bob
distortion_coefficients:
  rows: 1
  cols: 5
  data: [-0.356478, 0.117081, -0.002773, -0.003269, 0]
rectification_matrix:
  rows: 3
  cols: 3
  data: [1, 0, 0, 0, 1, 0, 0, 0, 1]
projection_matrix:
  rows: 3
  cols: 4
  data: [515.912842, 0, 319.960984, 0, 0, 545.903198, 243.617725, 0, 0, 0, 1, 0]